11155987561328162914560198903925934031545075070844698388995550959863678432992521387599201004206712669723409054171696588618114012809930083068213525628558751401982702162966483890255933180785002781038377810784824732879381270515408816152634167786003839031885948956620307921209480305414325920071338278147128854776516953245662334434576354545224319030249
17170589045411260088012439212868560864257440052035704958208281052421231044651246994256820859404845103729481861311529275555909131014061158712983763580195690647561133894076647695216506450611931414448889296654787839698185442025202068652539967529167614690068632188807457132748353378187075674197058617471814393346481086133314280807733686078514272148608
46452551412969506633235959847296301502389223469222061733761940297106109075014756753185932825532734512107587012059997780329051051101656620359032709615406698941089350660443747739335016741478103777026363119621131169091239902056117909282066627168466245384907350239426354171678802446076597866856266517530203576792584575403888990650660768245807090784262
24512495806818406156871315680402055974230746257680729414653460498860621572590779886119088529277023010501924852447041356172170875481092772568873560888925391080297892254404289095044139754496078438734569562652945637714385201523953539503963217499083558976482800748689623579259979535687514818502522458636161716432352946054758797922968292299416213848198
27719433500842232489188001337159062613607859752820776749672285979890355748688330995737620214743803217201292733632857414918636055948671104437159051236728680219132779468431129620706496999419949638286335948980477586107742813953970957467126808058369350260848173408735414188904050953404306468705486084264290675535650665098186248669206674840474399589378
46643746686077634859286860671996510821483968190239210837029147163805288564960208184358860023933238990997252309078857704819790276311697319795658172491505343487817286693002320367440584648208816137291449065436985030932346428944976605917424802914318237692518365334809984557593280482369532365201315715651215392172081380805085006428924218360902459419430
5122487827287288415663573414974868967749442822512177275539541273265002843555285210443836589581960100127180983246495244020665540698875522303105539428498914359082684558410027840084342524703534894122784696886388536196317715083105698821168560801390607625116103748179848606473256668673205194402516737406069717174917155177306492284218321837730470848902
20747126458909294752357078206405097672996123549736567020986750011951341499302218655015937405018188845010615046475851185273787981483662195972880603746574204000234846905250055214540406745302450402955408314014141478258042791702011512093898992570432110155611382434310878372966626592968034171178203812812218545246645450511406344704072299973988057538406
3026166589703827389346991391992435561979454680667504442005443942689667934925995193615536108885188430853483593096837739984158755196365938510524989265623563423652787164050488925826845059211992009181808973498165012885180483017378458929139413410866003272189437156319556323680819129798668359618998121081874968139506649882445693532987737976840458445478
33456192439595792777155568316127988786908832287468474454086499056913793191009705774546813128104179817652471611980564355773529232515710971444285677606457237374119531049229985197801060395869022100788102822538786264206282429341785729812982428047072369395008650229889107557541048228158781404976712370642777879524797522924273966724441566424602013681776
44374054184153531420168464840367388205444597827678156180753227929248458373498631712323900514800793659943690406088701276634446203496877291804512182828490286775220323931846109237758217679305255186885882842958390315493042892391737108213831838649866639302055472225011688286552867795378089092917799055092867650216407594641819339983282718263755300354838
29820471647736516805132060107535536276918562759971531307475136841468672051460550256805039471259806620829822336589901967137650895511696586268525407592848209906324493805273801920773313963263357995713147404929830139186797436693406164167380580945394319784251575938005894180643974756219573298428677517076544184439092173634422305362502266658565580081829
35276222803451443948617625768616005459074161888053130511752170907871859645475319732651278809789017734691837671417499428329121934192709041391473568027858598978603330399532630036466980412754864900870596646796287165482773638644939216769978248921367541718587073507294327519655897222885451326323112492036609960748658028436627479919606006909954474906008
31542448724640165748506700944741894604268548241085216975949621743382778880360280824166657364460085842437937568365992898566292505386130335786810971462921885326177489894254299751341401609071894819082334288410407629846951184469520654691972428859362811825210811218276797135535112083287469619946900605670540142941704488927807463185266953775833680651032
6994668931131055980072161714373084683770174666381449646323429894324282186603962232561785886494321646179831090762567926158624079965630616167036588325565141786395087115836880521004317075800949309290505076682646018453538056784614457296737708229964404259726322246214802974122148439824167642892059223577062883646371425346953693167664722642704150896346
8762465495713648123372011323211491804186542939134344520397534646303881199587534226413091299630476603542793387658942352194925861021191976194445100204285247889908119683917255052402645619886371848882708112360037878567721373707647170653450527019372975549060693609949000223319163859177457795695468817235984765380559498226157765790360295197131118448806
336123412763072309271238870867744388407551756388959629892255313034778555193772347835396885934119828029452322168907245028980842819528937428265713761313100982590513928635347813200245572523921019830751353414806530884228163246381723837343685908214609530809905170113960126863251602629211857574256268981763015226020723465367245373677006198606099432393
18983835956567628620105856197229272180165796144345718200195464227243536546573544104098927414963056637161613923363168188575313829053894193263220930843011302231056803841476077767376209207169904451906764666037943624286591654848504410670495917439769890929796020080842357181810466119794145165547890512135288418177907538674223044428044249585122549112998
32848052348969186718786464129830290045750518298160541383973002807735893356213947071505608550921616958246425904879601806354095515258733548750018874235937019732147503617012911447954436884901336725337902561585603020410334848212921205695643556017191835251020102794441752122092140962850768529763334089852068387658019210578146306910610387005645378806598
5714870011597172818750305569989134844978334564384896763693158264744201133559932325911543350449863251451729817493754132635034748738152271812274667115279924637410264043915844268349683065666373891342926450104848068238066231547603266235685983554032485744226206855304843425751546242368007342901531981428486911749440055999656979307612490151252860045229
34873784066867828120692047447482006275247337316919890943811767547939905525416658199703954604520953533285970253055376549133508254645588826572131552001830881754362727916680141641185537532533128564187692285339181961514491501126843000890866399994473784606472490030981839375861859936454054850355750485235551760304589679029693008438205992741356725490683
33188222733651912907079714420521879692119237437791335447447157983375650580553907028404041789539500144636285681824434267286340931797253115726211808922965566576404570449727368352057382091604685343895969110586560170912516392158413687286058653606410130230692491265579308260658768948522836650987561528468865929242969169544768417729094187289025986897528
37761947802346991612500433808831616788196329136132154252426150939928894021237023477315219895855055706522448925849474041079405802389398674554642960898297963324132331105494472845723588854750885938164141661456247735095798089058212931808237441812561755155392715632200373278559154755662141704196183451054526964004389176692214909002898105025187758349650
44263481921948059236169955181206159370047900642147109500244509806396859073365506962259767164539454856079312601910572193543637785842407909837631481028891876511589339848623582461563916627473489805778040347726461607114847833553599069485058723917635917697645468112431864147553784887750866605297143051891166780997919178997435930147870871725179248356928
40768466134678463350944599761934605085820743189880745068438333727886799219951318096923427799319949956314435649313154213594452211591001515465097800374778442050776966137726469549372831463043349518389074383169097534618064733961951853780918623131780064411632616816901058267912936553804322543904852399794249853216486165322278740100737670297752220238462
41968883330736431684993971095964303139830665933815737672773184044315988730496847300411360342569787529828964465182213876957703154318597717240007195919436311854415617299023933105623500311139961008442661494307861202019159761877243966780512726916286521849583883676930236973527792719036540700004885253115888306344396226154875347222726840841968943232527
12758826310224891432665380146058165089816577598919901669891810348982905110303875502016122611520458872852832924631561297509977018148118009844380093626432199829852684662439500482156865623413497983492941206839061878235144418084635338092156302418076029437918175611617722091529826512126035097139117653038495026513141237129156490886675154787532417533883
9673614418384637551676858786720437454989051132544140973425809600739120011749875589120662606304413323221688759674012634380791402616136854035081359426623759443995702570252761698588994369355158516700065071987095593217674092358098602067130754264816846923111501040943463125722832361326175374697098258411342153021941221917054922655908049351390182310556
38352184370364218299801614901602192138377003008630402888678988119800874976776237908963360362169425046486994613349204648568039819831646703666902631279130121229632868411071346364088259071774887706866264118637708072852905097065284099348288028407206287182853410658590496878069920705814954106088294116848499386676902473300131567158363385467616317239537
43484215583036459868647899751877876219316444876046586424954264014828504486005752327299607566033240756338147889612762386349325778411710576038279134835373594004596478311418742973682931060308583145959314168080921018660074595333647276779135123627327926951600588507941434187477820568655778754979447550255702425571099734885748273112016531688014854317275
24616074643350734104806486621926846229122532758104703538042428392376164041970613050515049021967825103513442893766749934080897106009451958627184743028975219776715187233725449588118312493412084456903167324275918443215392565325946556873007957886343658287719388178134579765975673491478506916381358789325335035103992984282583865198272512112703514302670
29244297819768453714130791417696662672464076886292595527434323587739411912055982776835839271998896007191324876129677912225851373685980244652730320049352855672036826561652832403859336208910506654505545643210748085318558331633100186036975037472815966502198020107071334595950539719485705876631187715300154341224648651859309993165096745854976925938978
32495424376230924345998186137822825857562748620174742140833132222808163810507699602006983803371982090061724963001762834792623614474529166223819276172506062884233920757300347859570944909004820461883907529723110973037435168549233832125638712880400022262568259041313186224466565507586550254734035966709945887371560514653347472835580493573847864438822
15864527839533488305658267914035678982989522573356773304111531029953287931793258592523252798702650516510176920951112853230848550520519227901972213115173869046666403869633476561663936946309066189257174792098446109949517334841141035224613569799442595841250675452263471110833546665617832648289360124337229463050577932851054596218764560353308643682353
16620740335321167327637074538354434744648435218629550555638348414868036277052130473094843043887578196583629879956522057501883070437263520216896321627973873083716156050644400378564756247532799975034963719496653015642847921675421580473060350223460172549337968101532400478158239981731780568200867298031928327014304940762925491357796598366880391032894
20310300086788741185236710056679953755483799632549426541660467305894431661080802069559418738472920128464964586856449677378077972704621625081707422589845332787413107988336832924566766944285294748130692366855965327401116780168777450955233269862274379708709687770295799112777472315667833944227395230619278272235963483212875286348821984578834317554194
