ciphertexts = [
    18728302669249266137436481620992293668071407842927576176280388467571767173360616858595380025490367507728950414473702784095312935374957394739995426489593989850442168991399057238272737768644277614498267835435926338073163063836844439884017637511361944703161056627233799959535727341671993653393126095682483694242687141890548960568344171883150041048353,
    2971742381120043930834571886192109964146742517748392686343979465454691008511328811160534379680691896038855157356899893134069258708371514487703915079193913388092939643576976076245698449615955630754870690685848723938198787779057292012193631115617081235392202164015797037191221942247148935399954145581030974097781659868370567573041139401070677282027,
    17613433075722303148653980474144520218706201195485083970187320059214001574894129657416774183434381835823460678567049690584228796045101527808914674372652879918265839596117496064441200494794220053042151160269595844450766212392974118311588133419378198293469754564792673166309188194158810814192520508918067753484339606222848907090198105032414242394271,
    59827180174099716405340615364039971781536029445473564245923897366291419357347211776612087668612395131291418750288968543403767431381751153850177402831471580430961856320951288631296063288136276532728547586634386996013639602020056866099229815972725505462355057724372561435720646440782509187060893045465983698625288784428898649415451579049021485604297,
    58730330822775826319958372838045797134546041424924231474430744490729589543959236628368046548377752509771029990587259712053204704491987574149123402425946039589639081249749478782974936543997972420537947044185733116382146554046681937616688433863141522372297080739578996085224693805263357470918431487937361726160717354874394445030594540007533547442150,
    19421085186910919461787087373759554057277738601682446314139769797034915059783244002908122664579272184619279123310530029684392994880468071239679433025397568795197770002051504051766517825056306866695838978176467954746690287335412939420044040396069698692490757893423050381133163594393415387313667440655853408351745589087450438662967102493056955826821,
    43478400006628060152512225063459757435677751897684906160712379394889981949083900506204745620380382507140065864700971603538153746340490062563512564913023017874319757660590314393718281488342228692077609644877374646065072084270852921550018321653045851909045751636892929065903067152402532039013548627077488246405492807455693706387507561705920258853322,
    31751576303732317365033826949793401374035648727552518109485272070657091151362760228193095702994155485731927267730004832527620355193884078628854278107774864357613390588347214413535322030578165095717365340310560302105337144873617680754054826388507267374342620268742403510885317057402833943356767612065341325438266048665036886317156401031797256859474,
    56163018296736862102476298024507288281013237464411904359419206625605481701234333589376918044372607418602157266922980959121929590104076272550149046591786161373618381760950535993986600105590323258681381978434901122390730634229819853048068017164514068293650506750095531234087776288980813461070333871134844624606744527523601622216705905897555619896876,
    23319220446597734067115084458751129647478987863768511728151743044743647286803442952920660887978513076726622933151148823639318758993975733772407005797906153559423458626123735617527699635177938556326418366743573297738044075589422115484230240219735556549947056271070789341278310566832223396846396832669393832844421743410484660297470551723983999351758,
    19087242567731878050143845008443870906369371493955280446072922862698882010473129439915398082068748251918040919938989770686577414727386040107576327865092132310994979403321761448488761680212832281016544314652526482368592054730189694669193818133321010973521864125536744324800724837347737292122661749055521693116524408069908082989070240651098165406367,
    20702859012169790470838410172479672026502891811629449262102816784438735596579222163242591008740970020071015391242196525541690832436433182689914661159605956083278500871388750053650337934827405113770976312106426873726164953937660205240918026510993354161035202497196597738513385419084711097328057418502649961328333661088787839992300581069310785306058,
    7049052949071300269095550943876276164983327747902710649067269228947318709874362121174396358860086063457636881103385083706679071804012921514585829898839042704688690724321546418736866262050313604968907313477361931299418886074371501649968563465758152417169787530264670762219330867153405171087280856314553054191426865018728570677595220845003616670737,
    59283248041000966567055053196532111103717367190816994612370841041812344712462644415394150090929708564146359835752461247513462887927995024826815929501395369888486732476079855110667023727315429008819067931865136528160264984327257288880782949393059672372651755102388820461239388534083530309170106843422005213926955587179223974195764502025846680239169,
    56227688645867960680559089275416897714604948763239011455910447875380385325022365672398273565103059169760231833426750224512436025376357096913721204104826410204995365410624106230938640026020690029177043662901587329837068758534689280669609765026919484076434718585894040290292938705644615010394851166322318412879937974309515452323689108947824104354780,
    23546220508072697865479759492912822168125983558035360685110225909443086326442055257518085071978146836162096289072172632919874207422786854801923243909712656230806567235651149692576096567155168157757199471862039195120935631594686029244361057758855126710308978849772753334357474603012674370977555216536405550858807733350569035603993802895562443424035,
    33991738707022233631631351790628425934077913562857308367097745646231638402335083409296200254679168142059444543147805867707846703590699617631254746448489539774288440017568783423114938372930766521475392765773342480095392987046176354461993648610430661304695565244060672211452459511054466891300042071480407011780052403942001651202874495167071148338003,
    8288484812092976154200670827854025278483649783743360305855807451023855955052940232405058551420385797257988899047730736118887831381599153891537629454729317938922100151949569120727330280773107481604246890615200541319985721077607881707643773906681967157183623529041309811714387494807929117680081999901019349364368204895947443922773916096223703112846,
    11785799521861495083323726201009309048351098328759558126596851192797502736078687773455267605184266254899760917180226464014785922349108454799230134017904807064642357214680844773577031753659959980487223895956267790042068668914222153056773342391848267749962481628271974505283057286168820137285714407847165897291323745987214632182368126011881010490818,
    19269908554555930741031555090120253355297745173521709046389796291852379138178680989337143017463530504051411127510604661660487838741942597745574407634006306774971145915807304484382683689872486625957922655982372642788694835832558369262245601564364051242119422434897454803596134789165633108255380353051654307948732696728867025125618581743556114312983,
    15750311122694654823389983392138970566681677598305316796668201036409172801323738381589427797815100257662950391167814254079476009338014757393559586154645091454460824338776921890463440943142256544451365919740503138495441182841924975601086882715528616741678887210128821771451481931156428414914468449606676514184829869942085980737958586828702555035943,
    25423044257393954323782738241597952456958026964720906219975227458192866088434338173037144919507671597994633641883056026929060476966945940478515339498114438941066990950632999899496829711198916356643987147205403192321259950488596209076780856356558241445158567829248756794975363261102342863230233006145585565195654484844596770762418856672553469702847,
    26495281880794549612069451800793846659153208174758592432307636132137456089857563479849280795026161703554652524059556503674441253329108398713537687135460909075747028932826156498825673881660932750316119042831053499357890631183050916164037144292419040730443488679124630976692167376765362407370798273777275663681153267974264910398048118453362879545419,
    2469366404767869375749695355027452289577485699643505797476040085684139184773294564594754996770673828585498962098820112466944164762015637478009745548035154647412203947777823039757457952072847177837864134541035600308343721721501704689896781130035976637561636851685554834617956087624311380379936575392078962195795192521660119891072542652173460127681,
    1558189035406575110422607250945565737982902386730920114158943862029194111536260629826423004341507573208345101229147584716374753932897762826921574793530576168678772648666269957326916308883697174886389648885147547336630373199042778000932132527827307369884954348611987680858314265459581031664120168569368398067764695161927454168558300843187987047624,
    49037457314431711666708773768711082730479058427003446958741502810009613650874994267122991865665333497895740417532796872787233719749600219610015997076231352706973020652530070761737687360977909221289110268717013806774557534643709258521070635552006348380128490065741461848764022550688961376287299910829043256683275535336847599835453285290703762950479,
    20728334656070841801194090222027549635303470383727534611460619162925622563508019311848858548834829470323496570434962563494159253797335145818691218182865969433103887348845809677293873439207562122839445979272139720819959259482763875320054427004327818985624280505581489981056566027217333987840759080052301391752622314681112467607737264165450548247030,
    59774930335819320780521465919476289917865308986978166126468860784645087966489091961824076411236079048298113679413214538259380141231221959351412147434036907008419269586832628238935325208340238081900264781014793583128753755293466916882359814937367024250480535521901873213310549122267348672202106784762283933982637121508754181326572937271678923565952,
    59709799919889404415344813361906700217480750418629797767328377599577798662412083686689070836186179620307263369966330764653274607417463945899634069379577756114613515893517239382298325927214156398484969959419862644613324785084612817966935501429807231946354010367806847907528531276392603574056165067305446440637705799451771457199263428436097954330409,
    55405746164921920403337356127020688785964457185681568636393372078770991786971493634100716882305777388740071332534435019991549365655255297451234082250035283735178985901382470731153053569123837137359321399044868940089652523085697338264397426825686884237839021260692627416481293554165876729678948488242907741215770336021862834276581567974444962905018,
    21827630593077379755932315166007980823012308634496079856149391819070315892427334114039469264981418860169493919410445051325113916137679035965997506981164921095449809717168977701708125674866342056903387223715364134740528422843012486518043124289876605028931207859026387587936187799425903198544896386735284158510189835987368929649582731154497775648523,
    16722468507611672394496451058794369029523998905795948209068902651774852564839447611604677472531191240588978730043294834305644833868932904772846908618382042130465829136732415203225396710242554287879508308563379704311840569387526018690553739995344818381633953057500781749847624699895847366583511249837906561165279680636104455998423703125006823191190,
    25660722661534175720017479160144915910162229947549672124036268594200564277401230645660484159163972044122607379186798736234281532071297667120007760971762848779380745329996583600474385684564988759774091635302956277530671946009018455259626648202060867183160882793196508702094631236070570309263099176847502508734472391227001631485876931597137406878541,
    59715261309470327209736326654710547568161607646527986423443340093674146549983138520923478828353448548754257083154511296546470353642301691971084792542762797455495941405380521804445467591130744826935155406286817278941400776483726576978364782682947583769918182041006821991443948888576025355744024301067488380999438211436193256477611230901376199103932,
    58984074710070264541052934612166164091842519847838125640227709942008576405728228205983060739455062019610189620025281381762859752520459328867741288222918265436613273376950189685627083575157880108822947143726489983756223306001465963497455238781403380448696450218595371067949238853740061852013292401841795079237635392191029372909334743902430058022799,
    43042922152939374036546857357150917335256798660716498293567068500388436836481267485228653098754293168473255612839258679447143260844836256864546878907379403368897230588616218056319130875377440096675218527520112620201614660778794223787098221630140962996450412629809762545986749992840764186272353230645121593968671950218455291554206421083899832164376,
]
