9255690860295395846664276246662215604588344067740549430034814814784733648647452719669598481131574018443847098410380639524029144499557141718864599458011926717488772612442974219013567690347324701754785302114624932223009476892057737125916723101892840468961127348355156435511935578037710842195181496015368239280938965316724820682083322087445103430872
19062329908794119832126351456537514446905417274223207933912006454000246000201569627214632012397149558094833607535364144239501909176211314118486276907202437739744315800636065818795381449111695281389946553947091561924109531367072909904284158302226023530358177868814641152636918131852050067261308027731861281555880614231879653363310715180971283931706
559159574042872418315066871430659193211338818474320707434351904147770126002166990630040192797487793304557716309626616645730888488446838170740870620509350166855268270592860114901647152021920148008546097660239629453622734383314127548916448143725406702913068436865956656844615368272705061439523756558307672005945529998869683484801131943528771448245
41214074760699048789191101325241286093195926151219988215650139483842678884456161933720016130940288571692044996772795470050718824441722124578002437178368111296897618482221546023848199654230888697048222839310142521075723086712342458453962194325262176801626942624294923699382749405410732428552482361225619788002877717237660623544278706054936772326793
24786066693703866769900923937967140348105863595796164503963725397414182147162340692366751584047765931466961083144430964244916948932586225569498792157982472777844694423134485671384338738512040627213795901241834397302224369866201696818368555267807156153802911067525495318878919596387246047691607159239776550536666319544706587906644580701193166639459
24384588843860424700873010979678030236303088071438895195430205218647640818922565559824653514302692327040164705633946428370730350593600028533765376160639904816608011284956082418060489436314541812013199720789928231746969042953154734783711767172029691952878054217830760514497916937858518891564864080357542429926458876722001097405919949839912690385272
5804975183974286838260779948984992471573052594794726288610298570937091664301060364355788864912119786561955471849709875276438199888722987339899369324031768978398910990174996438501250003562229287212618181533330782389339633233531902459564734013436487922838476347779979156961634046875899197273588413515793344680795015617273309875347579567726478174542
42258984286069289539308679566483203699789116767650951451439040038743247251596745697933202704001095954570448048948418506195436384937039942816523188257867652559213514974323066862879100244137749965202227726521399171099612832962295447917262104035456847517203816023575891639851242716107186343741854214462391990643724167179020695492791196821076488110327
10951123145358907551895409174906135490358551958294224391666933840950901771948185946249581045385275911369127335766657072699829828817302918454800419757546628947022022360359562675851146203177020749971334852146632886721286887189220156082645760439112303786516501877226076035242269030409054865329337123883964160302234355033770877148193079254147018992383
45000207201967645297909678334021630553946857918512264636449211628989464484385974473350976526412675990787442952492893247260254130776957591307205388411642196629397654148813936239630673928092252288626308227832757560028837293997262028945728253711192349003482379099175081822974684704030527903849054386949575764161315566651169376380581780662350745602159
30543025312668627777349084781322914599053395013161116129686779390797491130954219516809973245185632803921356394924744873567969163462318383911243256063480264499546011561142641521105750195823769136044670086936887203554801880399922749131427449117103718008583028354908613473612880738054652175601549447367287306654743308913177756490758410869120869688264
35683990978394189856213974099748611168067989663287910685081312640575606045150254853677382549096161155715505364792489934653455510243893211388502959112605565753218940123134620281169066665892633655532792867935056547669190216251818436905494919169280750083491089359564328329606863324229066797201115552035280622072417184899292261629996942325808555030325
1460107020141057402202918920088526085495731760895616337750525438941588907081128855598089417171207338584593944730966204540655807270319828086559466800751478588799610389930037362631224817862493083275522757262427593080728408599018600300264645644283657683707627459862878982219484412740384102590347405023167296384379273303598002321383104084188861974695
15067522051299927221578523656315012342265815865665650538389495176050924754802650448194618461307712225955480945414971010858305699020817742040051968698449194975701235347297173234437451479987260270207541264955191335215518661268908455060006380880378181576987589335497851033364873240576469895005071030970947077122683663786483465076673567626205517218248
32901985634837402666874955886240503990972482189070814040987247269103105597843292628643472190682338987173919860620447402225600591699393624002626956110076023626115621338711010073096391756971792164960228408038697821282592938229445659864534404337828648704012271893350913759009905022620735202053943553237320374224299150371216440097736991248888915514497
14543509889554789451551184911568109057249195830870073672661525536746990955994793821630982212311266340794628290404262278519805014418757040608466848437328208169996963646916334062940158198796496502458515331874388126777911038213205180408109552122366095353614567342395127898287639640135985793161820122875334339619548223520634958765176571963036034969682
20403293736383110946515155920006966476115249592856880304476509091768346018192259580073522210220607786299813825591264261490808417801883998242186018338289819017774601669552282031198434771569140011498307706973784632729119769817838757935675153124529985765818921836274719778530852531885234978829225635457709611185848045072010444113064225778458651757806
45003495831059694370596054051240733397491228638186157977671582239523531549479526724586107142588287126856138600101554673037028550579155954735929720554988769093878616033381016271422169672675621385037371541212051343597050920780624995200692946238181239377350874508434163932812467372229682461532741880537966336684731257959320545267145297700670204703335
34333514128008577506564840196683869966837032197182375602849440763509116466814963605775597316385905861302942248250958780371630446226757061505428122923095909014482776071441508423366755229537225411610634815260996647900066447579331897970487410504955887204466880980130809744295001933133150724542135518553827447637603143638489829805314966987314639250041
23044712921083411143402946943688907652336841556974878219103265484312859030251356380211138308659570663243917388941498149583849050657413633785491476680116598477198860341080378198519685962843822693149222128575186575359757849104394656832897023302809481903343518017749114924936667575531122850896924467274381800638014905511754703156248365206685297124283
39142286469999567641853966853887872206148530919581558374648607360197292552036142331535323774084229144740659324059052596240711260189098558468932302874124741149361852264539869958262952441721761468805876396958223062943717483855004983459405358205178529645882303866243450380482880321911692309146316277606669030322541335856951932976471119156884855755317
15338899930275654103268184879033014316104301612938118473781033062227235685894785248283068405945952766853368211167705165313458572039711697348353486604243816763877602152357531741010677868664487285011117723611058234790008490300807212711662115259774873210634811610225240002258761306667783716655530731860445438294463465045331018169654548918131111836410
30763699957398790736011699239412615171928958492010882152826058034126568258707960616814970778011813515242772513887071106772842302574767091052529919335859520173963511455638817476440136222159373927204804333477617112989905194916185448597671320933318348217939506419078447171931497373453447213309754892410022449742758918623062502464604758919522432531014
6395238169158494691051491266056666981160438674223759813266765507837208789540864869580565860446072273238816913837390005646631275357314609611274978089916536536295115484625258248445707960249966932841936285999000605306019843317182600104328256120908417840857757806979757674819985660646344068828444640915806820351519477625325642729829291781939839814841
27365210840128622218638697760123607777395786789519579396083657938849172209391785599438127895358120168606223011548396315865308296212729103371868972645568242500924153332994754389633270424899162843546894687059306686978228243188587751747913445191569685796562460090580099339299844905278627074044049530426608378875576070806475821489922403888584150033339
13958152860671124521013286179568301114649688715605872466921425456626361118908652716821347032584265392740195243982190662689847701369138342009474062608536232967904976205703754791987885927894991225290742762252529424079644726744518648455869790967422955820000634727037609935188891462094643639117533697514351677349420611829271588437423836911225078436894
7136639792178825225668693563411845340031568790435095947726131838089615696167590407949187478659716378235039602453905546868245839149184515072230258168138938417287135606562265285789406866230322784541160466016836479276430679161698356322864532659618432554318301828539660871009253664064979539599299784191921899985405645179295947097775248191625988683774
11852460783808301475710205641922633887092579194135925670886381875189608423536751483941237877320560250022558860367667477931791648164138338646256215541215949261302243017643747250591684220849532007906278070429757590508366505473683260125329381736497636482218618899663373192320214997852010206832118924291088144259374341650079887271977182043475596707146
20342150418507540943834947904232550241282099355533979090571002047091976615951472094581761552864794220216520046112722623846708509102877287949304288668084628381571068358789913381544072816350237716130554116596913365803153502932219244745501010134579313894313098418601514828440429088534213990729421196151679927960498503282612824749074863871648186492702
20192000642993883145772549043986561257865734241130007319750488217338883522576773173952078008954809377091562032285210232083155138712787032080994337222467328224400525813116235915307197464678784084888747004470939473524248994475633437437090102808355556602220382121597510472963273930058365961149401937564032584250066589204877312611595050591826666022771
28593763238179774391264981065163130676216152937236625760054796073873753688216853404185668641069888990453331136072003436112181333510608680343377410987755935363877163654336151336904549334896492858609437909549929582151111336468689552236973892962216597745917043117203848903275381740325280792425103049796450901883519544761526975748301949200214304547417
33498902068382147857702844036390608417589032686217939289664870375588577976266106102501250791421191594172237738232164965620498794316231526034657695036064607745692482743468289717532723658037570538105196535099958072000407009283818020033804070655882496369995411514889673323372454806287991612487259162299571142051014862122394114755646705637787584090462
7771055559861959036927697479818390651427587125147475495247816187706575425893018335329423595541296354815464825578079022758945401554104171936891442140265239438056735002264543733531922606636484171020870366218971549534545206162791353875453502236914288990288040851271410856767726381461488964725007520093564811662296675225792738458406953535567116789158
30617399213406272749085365460847395414485646246225321949151998664380594028333958324084789581811031097313266903677319999028606262844568836819729305607975450362136083078571762568999735440044290603017441716590699183347473582231684424808986146740234856959414063590927134205155985184453230911096586837834388764340887001064759898194443970278858418763815
43131102743255710257934156288969388791172366405586670455815361097267445117166997526475970473855340506910589528900247411405153951743660960252580120769052195741513554138785715594389736716850737655750296695453287871713142112727777940559477793205444519333003601542998470460992073988191534355243535785692406557348792000364131503954245226514053960057798
38189013862063772158154310021083808585748667708808437346193105574864290311987648479863577653906661503662819795152392610639422151915661715778049444085950661934973113349376955921680564172368444579034367348484313936857503241533130968496131059114783663139822239203808583655733117621284629015916484066330339979992793887895201792793914341652772223386900
