44016655324918202201584158727217416902492845453106605059444900896804726088471275768421173745708159482216209487024914291482478164633703846678072462446249920618068569862450690085988637857606877830796876858968721563347020220611338382001327755360320739753893102787743020885941971628286246089315018921016387633750249821368924079151912836062166807952144
40221783410834828405855596131846438718802792584932175015275340102739117666305669041862597423758213049132522380300773360366355349684766065919026670417854933812097366508419080912176158962510927090682340425963178241353481266186778420033012906472981858174020627118771397065129778546146921187978904736918450789712217263986423322037808382354906406081837
33511756090439176922441651707710072222266929715830162263098762618148867334415745578534888477788763339044969854700969490788487506014293971852729690991407586661062909882372301648343437110252047479320387172719680664991701976574945671117764699916635013697785817017329878789623708308391815286031157685440858621688344099015270875621763031519347859675195
52478327241489299060237985292938197501903321616404923635036042343717075486345915322238838670645271084767388458913638444592154434278660525091741302441123908964229206985798648620912414521371346215499490988989957163727441824027188428392354385503137494450693446204390835102840648697515506451079111294823476021479643292239508853777859046507826412243131
17807086792868068922180589490528729138924047493637398697833084451195420044695312924827708076877531269598245281545811656287494927974994644312716693471451747382711638107788917850917264406142253112087736935906982239980725910045916974943622393570413117360285007833996669930638634219183427650062951569977458064779016570467051858745452909045540833046097
30880371000397554056541070500041963144632113674258946971091457558129957929916783875938849123460336716967330983322808596914962194949043651540588085156074691784493445474064633021274602247227092081942287778507543014520887355825862232421035853513637666508030740616169756539503874222837435849767072750657329616529026684234134446341885387293810239607886
48569687223371105778061027978165671099129564030058697081523434727487400872602213230162914756803323557707988733821047519969884665417515426492854318855272095054862703959399935208624772970785123010359201041965190138782043561898919654649424198999366280619454832485005003434154241705704041098036933375849127906161724968364407806264266093730401054975575
33508055738005013318368930762839013129088001213926158553098743011557216559937788103606929543625045000733917272938366688136242948699375412762421079129051100957943780218236059252404108364513342104063472316035047323295640198713669781885796725328484532500761717471450644512492049701271849379234952003151110708916235038362479084611619805672602802311053
21337233018997462806775663511923403750881494604547360886352648207624560252145090487509170191368054195150439185217647884728370439887167609399680106620705141158065695009150335488405277617317903037974026610639588072878736772815927214657260538156250983831487745470033813837124148261497201362507916713704823453056426889769453342131750911427756058555717
55641971962192291579293694459790481592573554729436516478023114747089305067753727539900327763417071756319873934517162998160013311428594625222133354375200937118333047431320902716339476331718935850545951388814246102629582544270273061021553237909489263671719939415260620609250223646006803559537988122260204613745703373750801594743295450053380533737000
47166319052162134362142479064181441138268721436651219453488309261409804029776772610481858282877064048637356036572828979349544854910865841098934305759550505722264591175402984381632085605838863078393213157867103619732392037910446517978083237904676533176862705881573242018468479682131790039029752336805516413832166533921207744649140476236073578176929
43746936474424934610573907208682063647958055052175017870223692214658157166990355643024093432802017793122100111187006969204673848749468473476198762857252809590600500680960859684883456686126004027220745766506854876106009849252232488869304632886460373766422273039088182612118472640637633868613589290391219936456833956219220482553060028312851181743796
13257241847982527048778739143797739022543594961675331551555025595206579051724759459661551398628135297912320143361344343172569141245720760289878683491431070417622268798851512466448279276050346056987403093878203642858160535666507745485045601743308372759938303678774142332644535792101404889590066141549689453997394635021105132144875155453136835663049
55733205734673899416360923712703285630151913640289715283641975101882545307971896095861028111951568391371355152749380337621045318633151737518996580941688859597707673997266848501052874067519723243783521048141622347152086263970249680911588528246212879015556412267190113793076255827463139720376579812149946125477565823685839614734960041445440726379640
18106926642318163656401049096140556571529687748924570909680714105485594980582880395824956651078028667550423097151233195780859210830872319644725319511310462572692980830420325593181822808791000988229429744355057621461322642650006422079283680380761663338148576039178587859506277445247551486959934728903545969862063904437788961898184752800352116095239
26696883737491744466578229310850448606185522491844413969694389534123079142376298789585815781335839526454570499549533343002760119237217328623451580586949034089189309742409311505280852328230256293377394032577365836367743270048552919213052693608418355264036897437146136793379426736512081250502377521161100605863895111951164298945946368579497111614085
46654469674887184717875620700973247026546461164899093721673848237932106055379076861771424764721341465166521022773062197503564847263739577807914819759154760209363143860290907187924538968478981906699565406315004974367920871262032234906339844053222212379962111966510609169250127283997774936205790106901841402908574350382536008366205426308846087382046
43092133258668729802871765801295924984818488831802960953710943060676218665358958755392694101042576934837409046371813383457176536977045019175695557432600837603252087325253922034467556059923056340634187484061034887625172889203935688668756549814156165851522364498298780723854330282971718423163424868049571043436245406128866630273289958223629040745762
47661716313126821048973398429606859324031219236652810588360002349450372752600969900448574186999912822555519219008474878116055926921350157341447381797611244922694900977065634715635128268192130113865795334144358559671206377743537029877876922950360742085407899919363648986914080911664666587252476035096770997751415607212312786043508446017495655181173
32129976854878974522141820045476448064386830209824881309553002840501475421108075901589164081166755820920319210391098746633592762988457430459548052533145967542113492179248717333194223953672498117566914534603133095470528562653448666387340023806454868893840559344833114992950726817973960137896115377769869276742759067978940062555764475609522574112241
32418544923778864401799031956716398311189798744987755133208870169414927011242389660565793643404841264782346738553009690478168194508629115957931131226388768200167391694501033256254472820551617775227181282425687794531658575351574016917832874305259460458028623660375026523528092621992167796784796313957042802196247739721119921908964848199185400593428
42096949361316920635543569961744871374898909993659720281548252691044354746074347405694173622910365974369439989857377671571555926730081228591916962131864488390142352698785109259713338945528806091959672059130240248225371191785492416544168375520115564833030313180725135608799169010851372756740872113429405810605786403578199977499356634500592411932043
34068336443431345043919506676628923133756135003965264066299882486837246899879676873088152852047928461640995340425328925707259330108696640767236565580813797077543878407217805889810359896365655281080747561408369462412407337499113640288076300173972156569255937984272706256693249757564430965352067205927700217935175964424684631092880529970780319946709
22007624129373404787167997537807613064500893767489643865700199344919133522353086727671865031821779530995993061776321174294850380350468944147313317235003181861183854423720526085510230687838233819879972964810453823780478794818252745114202536818266053361745435272921400637369853871557084106428992137850629581119380018155084010572664157714774325534553
4034650549851065945792781647516354978035355982441096459990456382308597972913117277631923818816888009108001261235557115704969832056576287284689728958344492769152724129409371071896050395802740814525038928339107568098813206974051538977343990042603147978740623087749409962897785135746196232605744487172111834484031557496493842377856895080212370245807
35224336987077290782128715641453563948161744441670802040527570636607164021902887010703570105541684578194232019715488614860834267506667938393148956239674665001016139985874095924703498506572803311660205468407828843026810074790954796947072243635248809317045672004600141457524785292032759091046964135619306816461692580818245132692167384164846515067768
37616159036190401219712038475112477702629296746291826312694665009456728265660084631557892779009509801315520116955476481626418527709150654428014921760564070861833163527885715660271365056388926028834076994431988047320752607659815665893689354660098047891893339082235475633821018462497147472873726198948700814166066719468787502622746411256568173506865
42516042868821450573652644620743655636586574207447903239394266898319322771449550045461612146483674039061242509100279892185287658429627698859822368236943099474975249361153847984774908012902845469573641964317071527017002521824347241068539427743234630188015673770730803754524054480453312154512879090925450586593576591784700663256943905900931426611100
17781740472486269169195768829515368808915263529888811836848710959501128841533751132346098123376131746109785403732520898190027912643971440683673623030270195567943153611688658626848342502474657125082731049100466229857534940585375470610202130417543592255890786446908889672170736252048950801110503528040823709499000829544662452187122143299290592556012
43096689637165413125903539767030931833521648887932521829031718622870728618561472254307260275881389412169758201945768171295724948355973625174753230958788466631899243958936017444609484185103692583196107776491182796699564626802443289432247184341049825804417252963085960487442583467295897772237457179169385958895250410629115328352181338054234667365783
20332913313118475211051219155700865118613105873026431939897389231305401593020804319119445629797536768963176865129030794458507899123119973600545156986408072238928526944603311612604260505210789125742807773807143949714650019067505362662355988537923241114163450365839280508574395016763426125394727912492213826687224172494833126728120733558118726587840
35210416752472992377233355615232938235076193630282730601930630895963629827055494710948111804164739073770843864880484990726093905477866067299270243506528047693294251711917310296195526286117373695014982856927520056136422719557482188916388372406631561000444751512061436458856501803852183909296341527294713984856397325643019516780500022144284359519991
6395465994800501992580636874375613296705860026299517090587469578517456876726473164774643051866306842983990969078200427044094905281869247267091621222337444421414540409315595075186386426176666103562275928681712424120819452746089800068830473867855567639728058719714322850039591315375239142311944136556988838616141844478640507886133226091853625437848
20425859605479762916082459445344768661466052853572274795699394424185300951095991790600542716900473557520525491452029826538606691404361944881720025989618580510738564834683369937546894632243417803081310042584867959500432952579832138829372524774305005270483060438644285484710053203230981609897188871479417582347088428823754252751513309613124020560028
37315174134478454534974174853379025591385692580455120803804347040793689167058026920488034637456458430814169553424219063589488651062285157075628076195760873935306577925458310846804063193680550540373272040700619456902356500826780249656302529069460776366065946934855706516894725546452946723056076916080857064770183800034637526188647632309031729664672
52208329282186903437464611265269501175078910501535916795777849360280585673135987980866446798444940572042549708339094137171327687226690895729534981320647278635763408102094605020189159770315515990168009402037274907259076035698448203682373168918398768455621198871640488890163689460754998392560567268664158382768661524493346443111215115046193354244975
